site,A,C,D,E,F,G,H,I,K,L,M,N,P,Q,R,S,T,V,W,Y
-8,0.00431029,0.139045244,0.005275024,0.008595625,0.021876301,0.009291317,0.104296892,0.039448675,0.043133364,0.03880972,0.064185575,0.088179341,0.013969349,0.041671445,0.006392215,0.053322035,0.071475767,0.073690641,0.006628925,0.166402255
-7,0.145417071,0.014132841,0.081977183,0.033890417,0.020507044,0.006291179,0.027676988,0.148223896,0.022747897,0.064238371,0.023886199,0.071136284,0.027402561,0.020666054,0.097868488,0.012351374,0.044988456,0.08258239,0.004037751,0.049977555
-6,0.109784816,0.004803707,0.010746547,0.020483362,0.006656069,0.007384418,0.010650619,0.00806842,0.088188856,0.034034596,0.197727561,0.102717459,0.009684661,0.037284067,0.029498628,0.112857115,0.106855812,0.070665601,0.010104347,0.021803339
-5,0.088230247,0.360420594,0.000598181,0.009307866,0.129839067,0.019166553,0.04522266,0.009619689,0.01498976,0.139658856,0.026081597,0.000788806,0.001921316,0.011965967,0.005115036,0.000260073,0.010847116,0.033617356,0.057385133,0.034964126
-4,0.050389057,0.033593426,0.021832908,0.00477753,0.332161869,0.001210354,0.004955961,0.0187123,0.001991458,0.27961638,0.035430499,0.002384405,0.005072245,0.003083195,0.020107547,0.00157491,0.003954883,0.091198151,0.008424902,0.079528018
-3,0.011363224,0.221457895,0.002358678,0.013606336,0.202796958,0.000627559,0.001433889,0.016619119,0.012384266,0.153961031,0.116852855,0.00331822,0.000168545,0.003037012,0.006542035,0.003066837,0.009215249,0.071500415,0.144107992,0.005581885
-2,0.013461021,0.020295652,0.000895648,0.002584564,0.095694276,0.001339224,0.015047243,0.202562386,0.005482538,0.400261642,0.080880816,0.007023789,0.00231922,0.012060392,0.001567066,0.000208903,0.000452118,0.113523651,0.021441166,0.002898684
-1,0.002147036,0.213306854,0.002639763,0.003740753,0.022622576,0.001535996,0.003470281,0.035980914,0.000927096,0.331942767,0.008939479,0.005558185,0.006549849,0.001423179,0.004578686,0.001779879,0.010794023,0.296418053,0.003875202,0.041769429
1,0.016237657,0.028728939,0.003042671,0.002899423,0.13520145,0.006584433,0.022099178,0.171666333,0.000943313,0.165789534,0.101189088,0.001039999,0.000829496,0.001534296,0.001751655,0.085589645,0.05647312,0.026527285,0.00569027,0.166182216
2,0.054423669,0.048209586,0.000454827,0.024029409,0.25036961,0.019474131,0.101038277,0.027380324,0.000266763,0.119776524,0.066417108,0.003932152,0.000725432,0.089972275,0.001402192,0.052690464,0.011842215,0.060713722,0.036042458,0.030838861
3,0.130890768,0.084770247,0.000595888,0.002374545,0.224560208,0.000230791,0.025170706,0.185246818,0.001470847,0.050469113,0.003904264,0.00564791,0.002814296,0.002391629,0.005699852,0.021304271,0.024038051,0.184709607,0.040834679,0.002875511
4,0.052475495,0.040370742,0.002671043,0.007924637,0.00560835,0.001291076,0.036985588,0.029208788,0.0127844,0.011940196,0.068372149,0.018995101,0.003287631,0.007595513,0.02792681,0.193728696,0.115697746,0.348532002,0.012176042,0.002427995
5,0.237830666,0.013995092,0.03286076,0.023315022,0.023922556,0.099094917,0.017064209,0.008298394,0.015936981,0.075980536,0.022670308,0.020318812,0.005366023,0.200905314,0.069728066,0.032196782,0.022723333,0.035727764,0.029418565,0.0126459
6,0.026520691,0.004993436,0.005515428,0.003012215,0.002707308,0.017152347,0.003017629,0.156859119,0.013645295,0.000331341,0.006648727,0.006301512,0.002894252,0.002046748,0.002413326,0.064343109,0.558810898,0.113508358,0.006137883,0.003140378
7,0.183084735,0.005668063,0.445645961,0.01719863,0.002885822,0.026737606,0.074615642,0.009740802,0.019965595,0.001293149,0.024917299,0.023483964,0.000830833,0.005754637,0.101196771,0.011282082,0.011657728,0.001616056,0.005975397,0.026449229
10,0.75902958,0.012348248,0.013457084,0.025891539,0.003361649,0.064794747,0.004856406,0.008795254,0.003131001,0.001088372,0.016262566,0.00510544,0.005492517,0.004892911,0.001851045,0.022195208,0.007210359,0.022427238,0.01402718,0.003781657
11,0.010158709,0.001598903,0.764640614,0.01103466,0.001643703,0.012415953,0.002628993,0.001675373,0.005100965,0.000414722,0.005861993,0.015946856,0.003079283,0.002676588,0.00040801,0.000899336,0.008272673,0.006693699,0.004453402,0.140395565
12,0.001346665,0.001514966,0.010657145,0.021057489,0.016243996,0.000131475,0.076300265,0.004101639,0.073902163,0.089333758,0.068500574,0.018544119,0.000343577,0.054665602,0.159818047,0.157720085,0.122261091,0.072199939,0.005463827,0.045893578
13,0.000693797,0.003033977,0.006676675,0.001464203,0.00306216,0.000508446,0.001906527,0.809100201,0.011300961,0.030257013,0.015565463,0.001171696,0.028615758,0.001412473,0.00225246,0.000594638,0.031208434,0.044658523,0.00405495,0.002461641
14,0.001231797,0.950624997,0.008352416,0.001049959,0.008728538,0.000984902,0.000745343,0.000975446,0.001744325,0.00044728,0.002509964,0.001301588,0.001154549,0.001214934,0.003742491,0.000755806,0.000780373,0.001525433,0.007957474,0.004172385
15,0.00350413,0.006035857,0.001579264,0.004922213,0.001213633,0.000586823,0.003922664,0.934523916,0.007739926,0.000799572,0.006137152,0.00067169,0.000733066,0.003544935,0.000894194,0.004508643,0.0048483,0.008083962,0.004454953,0.001295107
16,0.001412474,0.007037435,0.007395597,0.002394094,0.001170283,0.943644127,0.001398006,0.001043309,0.003971618,0.001978299,0.00383648,0.001760464,0.000317308,0.002421032,0.002176115,0.00279413,0.000517046,0.008673038,0.004508739,0.001550405
17,0.003726911,0.006938357,0.001843709,0.001663584,0.092235505,0.000165486,0.009661415,0.001720487,0.006667669,0.000153156,0.026105916,0.001676868,0.000158329,0.013354685,0.001377185,0.015280807,0.200799172,0.012108561,0.019970693,0.584391503
18,0.025700839,0.01521973,0.006655135,0.004004301,0.000893346,0.002718414,0.582566092,0.007586783,0.000910065,0.085862442,0.01327754,0.020891114,0.002087433,0.143507261,0.003349934,0.003203308,0.014358341,0.054503224,0.002648593,0.010056104
19,0.800517894,0.001339525,0.001106036,0.012578966,0.002057878,0.003046227,0.001463462,0.002642471,0.001135898,0.000267301,0.005550045,0.044977849,0.000187523,0.001190833,0.000538415,0.108224419,0.004411254,0.002955261,0.004298056,0.001510685
20,0.000687478,0.000942363,0.022641793,0.001383426,0.001559191,0.000373976,0.027040535,0.001115433,0.004126043,0.000176858,0.00309695,0.911199692,0.00021097,0.000979069,0.000717143,0.017600965,0.000773426,0.000285938,0.001657647,0.003431103
21,0.000278953,0.000643112,0.002998063,0.011336669,0.002280247,0.00091861,0.000570571,0.001322607,0.002798477,0.000119756,0.004095081,0.80935627,0.000190495,0.002858218,0.000818451,0.003811404,0.000843049,0.001411005,0.152079576,0.001269386
22,0.045271332,0.019722592,0.000452247,0.001234974,0.001430324,0.004546926,0.004075693,0.000586638,0.00754121,0.000782801,0.007779634,0.097534487,0.003421621,0.002111555,0.001184853,0.757391745,0.005324398,0.0035766,0.032491051,0.003539318
23,0.003002992,0.002544333,0.002260452,0.002318086,0.002781083,0.003444436,0.002867947,0.002898656,0.001288356,0.000482341,0.004354271,0.022407309,0.009007662,0.001074308,0.000299661,0.052540823,0.876924969,0.001584617,0.006232226,0.001685473
24,0.012123481,0.001387229,0.687869716,0.060696378,0.003603072,0.001540677,0.003593479,0.007097495,0.00123372,0.002028149,0.005393305,0.00579234,0.000366502,0.014909111,0.000713142,0.000742926,0.154065082,0.016911432,0.004459457,0.015473307
25,0.005318987,0.00760102,0.005599645,0.047432907,0.002674441,0.000395546,0.001224763,0.027872171,0.001708499,0.049055345,0.101987465,0.014956047,0.002787787,0.025672456,0.122386922,0.00880435,0.5302417,0.036391672,0.006713823,0.001174453
26,0.006490296,0.006766528,0.003573003,0.004398735,0.007547079,0.002058012,0.001997064,0.017094031,0.000918935,0.000987331,0.003684407,0.001231566,0.000443406,0.002666545,0.000221548,0.001301814,0.001134487,0.931579742,0.003812879,0.00209259
27,0.005077241,0.002835127,0.921724523,0.007874931,0.002161107,0.007967331,0.004127405,0.001552767,0.001367113,0.000876812,0.006310629,0.010739415,0.001261921,0.002531729,0.000540573,0.001225386,0.006378855,0.001700074,0.004091106,0.009655957
28,0.004834374,0.004127678,0.003182881,0.002278548,0.001913417,0.000559472,0.006185443,0.008466717,0.018054938,0.001039696,0.005133319,0.007484526,0.002122705,0.002205867,0.001910406,0.002749434,0.920157285,0.001186965,0.002670065,0.003736262
29,0.02246508,0.002490395,0.002575857,0.001925222,0.005330469,0.000727183,0.002498549,0.701607746,0.007865241,0.124549906,0.025604812,0.00095882,0.018702173,0.003029051,0.001314482,0.002050972,0.036559959,0.027478146,0.004068409,0.00819753
30,0.001884102,0.009943964,0.016212703,0.004366807,0.012213037,0.001369306,0.000812814,0.01213465,0.012262298,0.036284368,0.008653249,0.00462198,0.001453146,0.102194689,0.24533816,0.371248309,0.140415826,0.000540502,0.005044425,0.013005666
31,0.275343875,0.00167879,0.01280971,0.202075027,0.014412333,0.003104978,0.002051324,0.000524296,0.007193424,0.000702594,0.005330737,0.007612822,0.000324486,0.43548987,0.000921394,0.011349672,0.004094391,0.006191429,0.006664773,0.002124072
32,0.024109297,0.006274146,0.00444915,0.015912322,0.003040239,0.001282215,0.002726963,0.002921701,0.541541626,0.000575504,0.025678237,0.015415121,0.007938628,0.002767631,0.279657996,0.001925623,0.04920133,0.003113424,0.007754231,0.003714615
33,0.010116404,0.00290849,0.013514597,0.081267329,0.00502553,0.021704742,0.015862251,0.00171653,0.011196057,0.000754845,0.008163507,0.755265625,0.000472991,0.021044425,0.001047966,0.011413549,0.016035148,0.001272889,0.004811278,0.016405846
34,0.017568679,0.004914357,0.003078774,0.013185188,0.004265815,0.015864556,0.003009311,0.072019331,0.002221591,0.015856306,0.013773694,0.009561272,0.003891855,0.002114903,0.001724205,0.00086576,0.001206907,0.805796291,0.005597929,0.003483276
35,0.123352843,0.030280457,0.015040241,0.039187568,0.028627618,0.011543952,0.031079265,0.152926115,0.199222137,0.011942697,0.028845764,0.003176096,0.154019554,0.024590746,0.012573479,0.03285153,0.02808298,0.035092158,0.01889577,0.018669032
36,0.029666651,0.024787563,0.022535754,0.031605651,0.026192229,0.015334951,0.021013571,0.029063428,0.028567729,0.010251658,0.034691606,0.028014233,0.028581338,0.031871055,0.008224596,0.018515219,0.013831009,0.541615596,0.027406029,0.028230135
37,0.008164699,0.001928159,0.003483376,0.00569599,0.015370237,0.002282258,0.004029255,0.022522774,0.006781958,0.000776596,0.006652003,0.001987932,0.001251674,0.004535708,0.001247476,0.009487674,0.888990516,0.001645384,0.009523126,0.003643207
38,0.035666519,0.003841076,0.042964981,0.005545754,0.009610428,0.006054533,0.772651218,0.001659363,0.001738475,0.003472752,0.00717636,0.009315951,0.006434643,0.019019639,0.004299459,0.052592606,0.001856823,0.001144901,0.005185002,0.009769517
39,0.028149561,0.010039836,0.009505802,0.004068759,0.017608227,0.002882475,0.010634514,0.009599596,0.005074437,0.020091379,0.042986286,0.00624537,0.007930446,0.009442723,0.004112639,0.748141564,0.021224828,0.00448586,0.020083049,0.017692648
40,0.025726781,0.007664323,0.007388371,0.003162136,0.066923164,0.000722535,0.007624609,0.026622612,0.114739269,0.019221734,0.018016494,0.001412691,0.000243733,0.057638569,0.014825504,0.014701056,0.044278423,0.355167729,0.003467942,0.210452326
41,0.001133693,0.002562817,0.017425752,0.005093848,0.003290128,0.004717961,0.001080788,0.001501246,0.002718389,0.000592158,0.004093123,0.706978939,0.008646292,0.003609772,0.001240172,0.148182743,0.067916642,0.00284467,0.015294111,0.001076755
42,0.000476454,0.002409446,0.00321539,0.003291203,0.165704178,0.000298452,0.001599752,0.024743512,0.003108699,0.766611084,0.011231082,0.001400383,0.001539795,0.003641434,0.001170781,0.000539251,0.001462453,0.002118198,0.002422774,0.003015679
43,0.001997861,0.003046802,0.001564862,0.000926322,0.007527927,0.00035423,0.001693661,0.006044354,0.001870095,0.918020523,0.016447834,0.001078633,0.001627499,0.001154678,0.000267382,0.001432808,0.000309843,0.026867348,0.004167324,0.003600014
44,0.261368498,0.189902868,0.022782254,0.206611876,0.000459091,0.007010089,0.003582533,0.117627922,0.020563034,0.000730365,0.003271155,0.000543102,8.06E-05,0.030478346,0.000149446,0.000575565,0.095016457,0.036606022,0.002108915,0.000531816
45,0.146843602,0.001439785,0.153883734,0.087126353,0.000963405,0.081166888,0.068079388,0.004037386,0.035476696,0.004424698,0.026932755,0.005178306,5.77E-05,0.002743031,0.011050791,0.141441963,0.027205078,0.028369579,0.002245972,0.171332863
46,0.040837357,0.005383038,0.015270151,0.231579611,0.011587202,0.033069683,0.01803492,0.026837027,0.008245145,0.02924642,0.177977702,0.02478935,5.94E-05,0.047065164,0.038103135,0.057368601,0.192237676,0.013254679,0.010602383,0.018451321
47,0.10518655,0.003732607,0.004009243,0.003415795,0.001894694,0.002289807,0.642479872,0.001373909,0.00126855,0.00022061,0.003978486,0.012748152,0.008021103,0.00429338,0.00616336,0.03780152,0.121407308,0.008520939,0.007747488,0.023446626
48,0.002320985,0.001531735,0.005354605,0.001534839,0.002915487,0.002137012,0.00424012,0.004962478,0.017440362,0.000595771,0.004406383,0.910445691,0.000398119,0.002456477,0.000435572,0.00435017,0.028792451,0.000667722,0.003222875,0.001791146
49,0.037442469,0.007214788,0.006420154,0.07737589,0.043010182,0.384810185,0.199581098,0.000946421,0.018874304,0.000326566,0.010613306,0.017271785,0.001156454,0.045835365,0.011030835,0.078691203,0.006444101,0.003286355,0.023257813,0.026410726
50,0.217336466,0.00628472,0.002008992,0.000620229,0.00405603,0.002072748,0.125422243,0.001178696,0.132062413,0.008555515,0.088936876,0.002331201,0.001061779,0.19266756,0.017682872,0.000401126,0.001315266,0.043574725,0.05560268,0.096827864
51,0.000796735,0.001789184,0.001478563,0.010561517,0.001316315,0.000867802,0.007042411,0.072841714,0.004255658,0.869485765,0.006901929,0.000760229,0.003959218,0.003406803,0.000561313,0.002710597,0.001417034,0.005514414,0.00270728,0.001625519
52,0.000745177,0.936266687,0.008365204,0.001298923,0.013731204,0.00522568,0.00125696,0.0004287,0.000786968,0.001790054,0.00602478,0.001514731,0.001040056,0.001650977,0.002527711,0.002317121,0.000449131,0.001041115,0.004609898,0.008928924
53,0.036785021,0.000936105,0.00442363,0.002030747,0.112391009,0.000311074,0.016844988,0.000287618,0.159778066,0.035409567,0.017984126,0.072078599,0.000163473,0.023905251,0.128704047,0.061104375,0.062532723,3.17E-05,0.010919777,0.253378103
54,0.000142839,0.000335448,0.001046584,0.001310565,0.006401742,0.001474441,0.000564152,0.170143507,0.000347087,0.65128134,0.019208544,0.000652529,0.000788979,0.000513392,0.000135638,0.003225224,0.004021088,0.126082358,0.001912647,0.010411896
55,0.035652792,0.001954221,0.159248218,0.030088581,0.066975373,0.008014132,0.112394077,0.000236664,0.09026689,0.00369053,0.016850805,0.132004464,0.000149423,0.061836037,0.012985544,0.012925425,0.002475366,0.000403371,0.10164716,0.150200929
56,0.001197584,0.002606947,0.005828914,0.012682205,0.018063184,0.804985619,0.007764131,0.002361094,0.003381188,0.000573807,0.00674915,0.038623502,0.001353306,0.008268491,0.006740869,0.056587755,0.00300248,0.010906451,0.005959091,0.002364232
56A,0.015382587,0.000591178,0.005069626,0.045974333,0.003907828,0.00978319,0.233582917,0.162898892,0.134279717,0.001324921,0.025160061,0.026740088,0.0003292,0.010516231,0.160864108,0.007777612,0.010072566,0.136690359,0.005883688,0.003170897
57,0.058899472,0.000848413,0.027584469,0.382547118,0.00051574,0.013892846,0.011024472,0.000606312,0.08206218,0.116548471,0.021106563,0.031718077,0.058259926,0.041920097,0.016014034,0.019327314,0.03048575,0.004272474,0.006184015,0.076182257
58,0.024941014,0.001612896,0.002413291,0.003021335,0.00320575,0.00095818,0.003538949,0.001447774,0.002583033,0.002849129,0.00575734,0.001189015,0.930219915,0.001770224,0.000589905,0.003029587,0.002531483,0.000868897,0.00545446,0.002017824
59,0.001056439,0.002540569,0.001597949,0.001838373,0.025432689,0.00072916,0.000969758,0.064108181,0.004651822,0.811553713,0.012162605,0.003261073,0.005296154,0.003769134,0.009503587,0.000761892,0.001409865,0.040819274,0.007005713,0.00153205
60,0.042121898,0.003287352,0.294765714,0.213884573,0.011582256,0.008560468,0.022725629,0.072781364,0.003893989,0.073748011,0.029884939,0.004465421,0.006144856,0.042567928,0.024107675,0.010803334,0.025108572,0.061576467,0.004401312,0.043588245
61,0.000447587,0.001803733,0.00102908,0.027281085,0.024215055,0.000595985,0.000682428,0.001166652,0.000752363,0.904854555,0.004336143,0.005170831,0.000496052,0.000802912,0.000350343,0.016195865,0.003846012,0.002525117,0.002358951,0.001089254
62,0.027654191,0.001962975,0.111535232,0.133053573,0.008625812,0.240627627,0.085469007,0.001948841,0.158933635,0.030076413,0.036640614,0.055281801,2.70E-05,0.068563422,0.00478892,0.014501325,0.004845947,0.001353818,0.002486748,0.011623099
63,0.214421428,0.001008537,0.014555196,0.080773293,0.047488512,0.044166726,0.009757913,0.003747866,0.015874377,0.007958915,0.050407466,0.00992429,0.210620892,0.005351328,0.029934037,0.011156017,0.098887265,0.014518697,0.036302209,0.093145034
64,0.000356163,0.971400529,0.001026148,0.001178733,0.005489649,0.000474049,0.000831201,0.000484464,0.000899861,0.001530073,0.001752534,0.001544085,0.000157163,0.000678606,0.005060889,0.000876413,0.000169395,0.000392389,0.00190491,0.003792747
65,0.047267177,0.00303284,0.035313707,0.015922845,0.00120282,0.114465064,0.001879272,0.000395607,0.011208469,0.000677442,0.00393608,0.264544004,0.000275511,0.091141048,0.012497453,0.155650624,0.236618992,0.000113799,0.002310392,0.001546854
66,0.000137342,0.011659612,0.00039426,0.000721366,0.056045914,0.000119699,0.000244717,0.363661242,0.000692734,0.354893143,0.047466584,0.000996746,0.000899043,0.001040615,0.000568842,0.000171978,0.003078,0.155356258,0.001676204,0.000175701
67,0.077985664,0.005607344,0.000283183,0.006955215,0.004997221,0.015556098,0.021784808,0.102484436,0.003736846,0.174092847,0.061196581,0.011853861,0.085771632,0.013452663,0.002165861,0.016872033,0.256422424,0.121118088,0.005522744,0.012140451
68,0.04477994,0.001385691,0.001244548,0.008761864,0.00167867,0.909159832,0.001346042,0.000607395,0.00228227,0.000266248,0.002657249,0.001107706,0.000279397,0.002317542,0.008013346,0.000522508,0.000711959,0.009560125,0.002249252,0.001068416
69,0.000789053,0.010712647,0.002088676,0.004382382,0.002515376,0.018405669,0.001217736,0.001130522,0.015675233,0.016284237,0.002871495,0.008373046,0.000480812,0.007772813,0.002197397,0.00028707,0.000732538,0.014612168,0.887416661,0.00205447
70,0.00044161,0.001904588,0.016430791,0.001280792,0.010657268,0.004049517,0.006260029,0.013123174,0.001463852,0.792100784,0.009321835,0.002981801,0.038932665,0.001399759,0.005369471,0.000437476,0.000705436,0.087511071,0.003752199,0.001875881
71,0.002258406,0.001098719,0.000341837,0.001025783,0.00506512,0.000160493,0.000467061,0.106462351,0.001053019,0.809533382,0.021903254,0.001040102,0.000781685,0.001860322,0.010762436,0.001572105,0.00453391,0.002369136,0.012003454,0.015707427
72,0.029382724,0.000994226,0.00080654,0.004695403,0.000325679,0.91285092,0.001074335,0.000358406,0.004514288,0.000104227,0.002917214,0.000667438,0.000412075,0.001025941,0.008184725,0.000129407,0.000324139,0.028942752,0.001735244,0.000554318
73,0.020752947,0.00152085,0.0306266,0.002506537,0.000927855,0.000591548,0.150424922,0.009292929,0.002874557,0.000118081,0.001747731,0.704664818,0.000100553,0.001468382,0.003382847,0.062023449,0.003609858,0.000922619,0.001017182,0.001425737
74,0.001049214,0.006521245,0.001773934,0.001305653,0.000532546,0.000408077,0.052327884,0.000579442,0.000607611,0.005827287,0.00096302,0.00027741,0.914367674,0.001250894,0.000116337,0.005452345,0.002128187,0.002233405,0.001600197,0.000677641
75,0.027836993,0.012406784,0.100656705,0.37582795,0.008747592,0.004602758,0.006687355,0.006362626,0.016024067,0.011325723,0.011684855,0.073351058,6.96E-05,0.02948982,7.33E-05,0.009290258,0.032211215,0.004442382,0.048813987,0.220094916
76,0.001218857,0.918989394,0.002101211,0.002415788,0.009721342,0.016276739,0.001836484,0.002785098,0.001743307,0.00019629,0.004337742,0.002664119,0.000488783,0.001467516,0.001486749,0.001412659,0.00230936,0.000485611,0.019517795,0.008545159
77,0.007648315,0.007245511,0.812809489,0.111306933,0.000833483,0.006587225,0.002869816,0.001010742,0.000663427,0.002545986,0.00416715,0.016606279,0.000201248,0.001813151,0.00029494,0.00210011,0.003024783,0.004152494,0.002652976,0.011465943
78,0.026355422,0.000222989,0.025393679,0.032845796,0.023095966,0.015793351,0.168067948,0.039652769,0.001109863,0.18493642,0.062102277,0.019099671,0.025651169,0.020628357,0.002394573,0.038069385,0.024772046,0.032751407,0.019126297,0.237930614
78A,0.010193515,0.002164097,0.002264973,0.002138458,0.003350679,0.000892289,0.000799258,0.208836983,0.002180799,0.711768075,0.014816383,0.001086027,0.004115276,0.005489155,0.013561579,0.000491942,0.001796419,0.004715276,0.006254461,0.003084353
79,0.033714942,0.001056218,0.008856463,0.067941168,0.027800947,0.006334542,0.038073253,0.300047085,0.008660932,0.245142256,0.0092469,0.00744058,0.002210575,0.128574329,0.000244732,0.011248265,0.008353202,0.050088247,0.02067896,0.024286403
80,0.028946605,0.000174149,0.236015572,0.13109,0.028448022,0.131042857,0.040412021,0.029616183,0.004560457,0.043183265,0.061886343,0.030506059,0.030667265,0.008336158,0.002550451,0.026848211,0.053953832,0.054434634,0.01677533,0.040552585
81,0.018677097,0.000257466,0.018752483,0.07720076,0.207736233,0.000663029,0.033077537,0.216375553,0.009345453,0.036215752,0.089512361,0.011839662,0.006687418,0.136176888,0.009942399,0.025446991,0.027574263,0.024934303,0.002983398,0.046600954
82,0.021292144,0.002741832,0.019583531,0.16047697,0.004495814,0.089360159,0.105085107,0.017301156,0.067249545,0.035655495,0.153578423,0.092876965,0.001473907,0.023194522,0.039986011,0.035849256,0.058298917,0.035208819,0.024893075,0.011398352
83,0.022369231,0.000630489,0.098847215,0.055846022,0.017924381,0.022759609,0.036109066,0.042563668,0.00340168,0.004190358,0.052273441,0.105479071,0.028024009,0.268866917,0.010354918,0.056501351,0.075291384,0.043740934,0.020343054,0.034483202
84,0.001829064,0.00102819,0.0030659,0.007900011,0.21154265,0.001702257,0.002055857,0.014904082,0.023918841,0.016485048,0.004114659,0.002475388,0.000712309,0.009606697,0.007807905,0.001008203,0.001077812,0.00194762,0.679233347,0.007584161
85,0.177037801,0.0015468,0.000862544,0.001853116,0.008210546,0.300636304,0.002262038,0.000253021,0.000977417,0.000648083,0.0042188,0.000991627,0.012508519,0.001469465,0.000444818,0.469013028,0.002501717,0.00035689,0.007503664,0.006703803
86,0.000424308,0.015598772,0.003682981,0.000555208,0.027072356,0.000464504,0.005701929,0.000348329,0.000520834,0.000123276,0.002223788,0.005697322,0.000372688,0.000728224,0.000161375,0.004256388,0.000533011,0.001120072,0.00181265,0.928601985
87,0.00040949,0.017641367,0.002337446,0.000745611,0.007275429,0.000495391,0.001421951,0.782955614,0.000710148,0.020343193,0.003233396,0.013742041,0.000153673,0.003029026,0.000472292,0.001114493,0.003107797,0.136780934,0.002634725,0.001395983
88,0.094842385,0.002497377,0.006545044,0.011200114,0.000643695,0.000657847,0.005700768,0.023588177,0.001129832,0.003151424,0.0043375,0.001095695,0.000341936,0.000667004,0.000355807,0.000768118,0.002573423,0.835068275,0.004214817,0.000620761
89,0.0008088,0.002243232,0.024773571,0.852158059,0.001331117,0.004964579,0.001052816,0.004376759,0.006656034,0.007722152,0.006955906,0.001426544,0.00338344,0.023320101,0.000333883,0.000964593,0.00067955,0.052659665,0.002997388,0.001191811
90,0.154267269,0.002010952,0.034956141,0.080135271,0.001174491,0.004425895,0.051233957,0.009562096,0.018997486,0.044480042,0.001163585,0.036063064,0.01533282,0.007308953,0.098793214,0.221843929,0.050960125,0.06273712,0.074994053,0.029559537
91,0.02055726,0.000299589,0.153766465,0.029393745,0.006529516,0.007430807,0.106768801,0.029874901,0.004645094,0.009480611,0.110939058,0.011107186,0.054275618,0.077284617,0.003976934,0.047360884,0.017134586,0.067531219,0.227805641,0.013837467
92,0.030244757,0.013289436,0.233708169,0.080260321,0.016352496,0.19189381,0.026146638,0.06561103,0.008220933,0.017749766,0.023926179,0.105458867,0.000467935,0.040304896,0.058765829,0.029740149,0.005188445,0.030740837,0.010215477,0.01171403
93,0.012164845,0.015867917,0.003050789,0.003769376,0.012046729,0.013622119,0.000339208,0.00082777,0.000204489,5.12E-05,0.002213842,0.321887622,0.187752792,0.139168055,0.000175051,0.097372918,0.058865142,0.104508237,0.003488456,0.022623448
93A,0.02850959,0.036905842,0.213196383,0.131932312,0.012973583,0.012534252,0.047162456,0.007663924,0.021817344,0.007079397,0.002198954,0.003539404,0.013861946,0.223672416,0.012621505,0.003408983,0.09299364,0.100198641,0.023967249,0.003762181
94,0.01287614,0.025739181,0.011208122,0.006055248,0.113776561,0.001055576,0.189241965,0.081977149,0.001471983,0.017368777,0.007004746,0.033375248,0.000188681,0.008550173,0.004479169,0.007565562,0.009473346,0.120679835,0.243853747,0.104058789
95,0.052899089,0.000769147,0.007027397,0.007583519,0.013719962,0.8178754,0.01036618,0.000436055,0.000517626,0.000179253,0.002481856,0.012594015,0.002798641,0.001071501,0.009754004,0.038562772,0.000387205,0.010461596,0.005802094,0.004712689
96,0.184170569,0.025604575,0.006957253,0.023906504,0.076849561,0.001531933,0.003693865,0.003876704,0.002772652,0.031314312,0.017106918,0.022246438,0.189216732,0.075930835,0.000251191,0.147046838,0.008367471,0.122847718,0.009021269,0.047286663
97,0.000509309,0.953390863,0.001508477,0.001201992,0.002321316,0.000674321,0.000922823,0.000930503,0.001442433,0.000266899,0.002636757,0.001849716,0.000667717,0.000986254,0.001275192,0.005478274,0.001271881,0.000697914,0.013687943,0.008279419
98,0.000468166,0.006205277,0.00279376,0.000641009,0.104440702,0.000385079,0.00717669,0.000700135,0.000717585,0.003536227,0.004306288,0.00128317,0.000854245,0.006037384,0.000384617,0.001545087,0.004718644,0.00464872,0.082684888,0.766472329
99,0.001185101,0.001757351,0.002456789,0.004250856,0.001393456,0.00138893,0.001704688,0.001209264,0.000546271,0.006420684,0.002744999,0.001609402,0.951687578,0.005377389,0.000672156,0.001609183,0.004294223,0.000554096,0.00385493,0.005282655
100,0.000441785,0.002909539,0.001198483,0.036584654,0.003811426,0.898088447,0.000636072,0.001136431,0.001904186,0.000211739,0.01316654,0.000902154,0.000495245,0.000781712,0.011157674,0.001178487,0.001173926,0.010233784,0.011259773,0.002727943
101,0.007427669,0.016142,0.246618704,0.093083071,0.021746578,0.021654646,0.018236053,0.00785882,0.020899535,0.02397489,0.011586812,0.188226148,0.003005628,0.073122431,0.003838816,0.064325971,0.005736179,0.115221836,0.020476244,0.036817967
102,0.000220757,0.002653873,0.003184507,0.002139328,0.082469679,0.000124776,0.007633894,0.337074653,0.000912289,0.188191246,0.002966925,0.00139149,0.001963617,0.001510861,0.00115365,0.000658782,0.012637454,0.273165666,0.078947042,0.000999511
103,0.092603865,0.098766512,0.04177905,0.024730801,0.041321046,0.127308149,0.115086811,0.022890817,0.005414934,0.0141063,0.041698126,0.121235704,0.000113493,0.014855544,0.004824668,0.014754167,0.021013081,0.024273549,0.043435088,0.129788293
104,0.050798259,0.001966284,0.457906881,0.199595447,0.004283181,0.001458825,0.024798206,0.000306254,0.000579354,0.092064494,0.061057752,0.007562854,0.000800397,0.048341496,0.000106771,0.034693256,0.000356352,0.000267796,0.00182168,0.01123446
105,0.012380953,0.02552995,0.00414503,0.000673729,0.063439069,0.018916425,0.004626031,0.121489431,0.001743594,0.050866994,0.154704665,0.009200938,0.01885401,0.010861156,0.00231265,0.054369945,0.020666321,0.024463214,0.008993852,0.39176204
106,0.096496239,0.009885161,0.010308673,0.456790651,0.032199721,0.016409967,0.068361548,0.000544058,0.010542568,0.001080521,0.003543722,0.000589195,0.072760939,0.207251722,0.000355576,0.000315549,0.000419228,0.008608737,0.002421414,0.001114811
107,0.001415566,0.001658394,0.004082437,0.920578999,0.008756043,0.002310804,0.006099814,0.00902846,0.010314146,0.000426098,0.008559336,0.003050325,0.001858334,0.002670507,0.000705282,0.002301722,0.002213051,0.002126607,0.010450158,0.001393918
108,0.000262343,0.001035676,0.002002239,0.000880165,0.002419028,0.000208582,0.000263921,0.0023491,0.000365084,0.959387718,0.009984845,0.00099924,0.003645962,0.008097963,0.000192465,0.00015255,0.0004943,0.002849318,0.001731847,0.002677653
109,0.001407355,0.026540249,0.000474739,0.0005726,0.186800716,0.001613756,0.243591567,0.034087515,0.022240605,0.018209855,0.017623797,0.007140555,4.22E-05,0.000377641,0.128106038,0.000755001,0.002240046,0.026178158,0.024324316,0.257673274
110,0.005717492,0.003839823,0.011612459,0.895789342,0.004913012,0.006212269,0.012994525,0.002034521,0.022388381,0.001527907,0.004299978,0.002837749,0.000436028,0.00392896,0.00054211,0.001237199,0.000960815,0.001579762,0.012270815,0.004876855
111,0.013591461,0.005899395,0.004654076,0.007639178,0.011297007,0.00520694,0.115973436,0.016253677,0.019599193,0.002749327,0.01477145,0.002240826,0.00047879,0.625193229,0.078719447,0.025554157,0.007119568,0.004233912,0.008180027,0.030644904
112,0.001474527,0.001890177,0.006256855,0.002060447,0.010281506,0.000194658,0.002283335,0.004823708,0.002207816,0.861780571,0.010146468,0.001196148,0.001099361,0.002244388,0.000428256,0.062855348,0.000715109,0.01933384,0.007148956,0.001578526
113,0.020722176,0.065793699,0.005429732,0.002906061,0.068787516,0.035591974,0.077044523,0.129258909,0.007459515,0.029373055,0.12717225,0.101807389,0.000561749,0.028667173,0.030174417,0.097101751,0.04854176,0.018684769,0.011525779,0.093395802
114,0.032928385,0.003189329,0.010059604,0.016859716,0.118578995,0.049348859,0.002388716,0.021368775,0.002072572,0.109477128,0.010027101,0.008953374,0.001601947,0.239896808,0.003161615,0.153789168,0.054317194,0.107717173,0.007050423,0.04721312
115,0.185764087,0.045546841,0.000981788,0.002010439,0.023762005,0.00014082,0.000470168,0.016359085,0.001782941,0.017290255,0.009902268,0.000427158,0.000173327,0.000498442,0.000706235,0.012810519,0.409459505,0.26421698,0.002368936,0.005328201
116,0.016074144,0.00299137,0.050098616,0.13414346,0.110641224,0.082580115,0.000568246,0.039788899,0.049702121,0.027806271,0.050298102,0.015570447,0.003994105,0.101738807,0.025997949,0.083009073,0.087138685,0.071686363,0.02186075,0.024311253
117,0.054364233,0.004469534,0.091667648,0.058865582,0.002426543,0.010337934,0.040690018,0.002141533,0.046920803,0.140786486,0.023735748,0.030318958,0.002249869,0.151156364,0.059040249,0.064942314,0.135285052,0.051438128,0.008864141,0.020298861
118,0.05026946,0.002884472,0.002181391,0.000596198,0.004771001,0.020716103,0.004640745,0.201276921,0.00099804,0.204580163,0.339189725,0.000356103,0.000796585,0.000751704,0.000139803,0.014758232,0.106820447,0.024687761,0.012434507,0.007150639
119,0.020376705,0.002174842,0.137862669,0.499322812,0.001185799,0.004332319,0.045294573,0.023477535,0.055769852,0.00746386,0.032352118,0.001398565,0.000480549,0.009023623,0.000271194,0.033390685,0.041013586,0.077103965,0.006027862,0.001676888
119A,0.001487617,0.005448243,0.007327923,0.003881012,0.004191719,0.0148812,0.003269211,0.011239248,0.016241514,0.000564765,0.00850761,0.003541643,0.001437723,0.002105197,0.900711371,0.001565554,0.002998941,0.00171882,0.006954409,0.00192628
119B,0.002183888,0.004724837,0.004032176,0.002145032,0.88647734,0.001445922,0.004730017,0.005994603,0.005199824,0.012058433,0.009540254,0.00283601,0.005187042,0.004584853,0.000983124,0.011035234,0.002230584,0.004596874,0.010821408,0.019192547
119C,0.09968082,0.009179008,0.004789452,0.5825391,0.005591353,0.006516449,0.003800592,0.00235328,0.079516896,0.014168473,0.011099859,0.004370763,0.040280625,0.025302065,0.00101214,0.005959318,0.065288928,0.019373006,0.012317427,0.006860445
120,0.090200259,0.011467208,0.005498068,0.00849809,0.003440871,0.001313055,0.003275609,0.616629013,0.008469448,0.025539749,0.177081312,0.004497433,0.001292311,0.003019549,0.00197101,0.001077582,0.004793844,0.012340364,0.013251762,0.006343462
121,0.001533216,0.013734695,0.018970867,0.002226536,0.897933682,0.000614772,0.002337937,0.016062556,0.002207585,0.005168757,0.009791748,0.00223608,0.000586136,0.001774056,0.000491608,0.004795809,0.001012701,0.002692789,0.004413238,0.011415234
122,0.038460908,0.000802335,0.352142869,0.105550328,0.008643606,0.023401394,0.009603662,0.001152518,0.008054657,0.000356448,0.001580799,0.12518353,0.19746974,0.023801602,0.0017959,0.092556353,0.00384194,0.002131658,0.00270088,0.000768871
123,0.084577042,0.003755832,0.041268027,0.105809782,0.141884168,0.00941889,0.014512884,0.009584182,0.085894549,0.091524878,0.039051673,0.003562,0.022491233,0.022461684,0.007625293,0.046746423,0.021613939,0.103372363,0.056425939,0.088419219
124,0.074206488,0.000115874,0.282528553,0.173549768,0.0185446,0.029791215,0.048032022,0.030606748,0.002535226,0.008776369,0.012587847,0.06234804,0.007047053,0.011254595,2.51E-05,0.099632537,0.062593949,0.019639397,0.051108872,0.005075701
125,0.178449643,0.002521918,0.034778239,0.01764913,0.031412303,0.082133949,0.023694034,0.107733902,0.007112648,0.016402411,0.031094982,0.004169901,0.016930859,0.088944199,0.009378301,0.089897416,0.043133187,0.019644965,0.028698779,0.166219233
126,0.346375582,0.002342556,0.000147498,0.000119178,0.014062252,0.007082973,0.005150035,0.003594504,0.004512316,0.001329574,0.025384396,0.01726547,0.000144868,0.024000692,0.003753222,0.046993208,0.048154373,0.091603886,0.339077753,0.018905664
127,0.000454653,0.011670987,0.000849326,0.000772992,0.053977535,0.001835476,0.00591541,0.000347473,0.001002842,0.000954845,0.029417652,0.000730582,0.000125043,0.000470352,0.000994668,0.000263732,0.000375004,0.00027804,0.706273413,0.183289974
128,0.014826787,0.000468291,0.015280793,0.129757815,0.050338764,0.016326283,0.001062711,0.027322301,0.00870485,0.01313457,0.173178536,0.01570177,0.303965463,0.043745597,0.003009028,0.035444146,0.117274035,0.027553178,0.001092,0.00181308
129,0.00017065,0.000481243,0.003996266,0.001864211,0.000335201,0.000140963,0.012143096,0.002010006,0.004382684,0.011561556,0.001320968,0.944831125,0.000111066,0.002985053,0.000528875,0.004540911,0.000515282,0.000152048,0.002271976,0.005656821
130,0.002998264,0.00019156,0.004421878,0.002554278,0.239750103,4.53E-05,0.13888676,0.001973076,0.000264605,0.0055227,0.058981765,0.109529555,0.000280378,0.009853567,0.001097807,0.054270986,0.004758625,0.023463654,0.00157511,0.339580077
131,0.003609065,0.000934672,0.002217483,0.006944013,0.005286431,0.333436687,0.000446574,0.018493495,0.005308848,5.68E-05,0.001396574,0.001335752,0.003069199,0.001400269,0.000535029,0.013634837,0.598893427,0.000474121,0.002038995,0.000487758
132,0.050711239,0.001053062,0.291156828,0.548481037,0.029210449,0.003925384,0.002137239,0.003062066,0.000383606,0.003819921,0.011403971,0.012570104,3.14E-05,0.010913129,0.000221601,0.002821671,0.000793106,0.001899736,0.016049427,0.009355029
133,0.028350453,0.000346756,0.107474689,0.136750205,0.079582678,0.008462585,0.099473637,0.006629418,0.005218973,0.012083714,0.037806936,0.049347115,0.016471062,0.09841914,0.026182644,0.002630072,0.003305759,0.123015741,0.003248453,0.15519997
134,0.076448294,0.003874785,0.098914835,0.030737885,0.017924033,0.457704091,0.023399978,0.006165223,0.028148819,0.035511329,0.011095399,0.032657138,0.003139088,0.019552618,0.008152976,0.01812578,0.019114607,0.018471429,0.077087915,0.013773778
135,0.026759599,9.55E-05,0.002621296,0.009309722,0.002602564,0.006692865,0.012966859,0.330164396,0.002695586,0.020146198,0.012492559,0.041465103,0.004473453,0.002069162,0.000302629,0.138320242,0.343066047,0.0373254,0.00181866,0.004612184
136,0.00344153,0.002225382,0.001792308,0.006316157,0.001564822,0.002586675,0.020590887,0.011856783,0.00120768,0.000453079,0.008818299,0.00588499,0.004521537,0.001546461,0.000326415,0.551725127,0.358685624,0.003718737,0.005506339,0.00723117
137,0.402782761,4.89E-05,0.001114739,0.003143303,0.064875605,0.03340678,0.00428554,0.007280499,0.000204741,0.047852106,0.006422481,0.008519764,0.001318347,0.020990757,1.24E-05,0.283500694,0.077981659,0.014689811,0.006000618,0.015568436
138,0.385115678,0.028474041,0.016943387,0.018882114,0.024531727,0.012608417,0.005025511,0.000766174,0.035974307,0.063906394,0.102160319,0.005338845,0.001412954,0.010662555,0.01356818,0.228651885,0.032919089,0.005445789,0.002042259,0.005570376
139,0.022748581,0.868651041,0.003708162,0.014542082,0.011631913,0.010422395,0.00305614,0.000795509,0.001553916,0.000287569,0.003511416,0.001054712,0.014128798,0.001799017,0.002288491,0.00153328,0.01248672,0.011481782,0.010847234,0.003471243
140,0.008440594,0.007777439,0.00189803,0.090297548,0.037060244,0.037273691,0.063359077,0.085192224,0.028689481,0.005336266,0.018017049,0.150435838,0.107711906,0.022945968,0.010599639,0.011318268,0.096121506,0.040704073,0.00873615,0.168085009
141,0.032785431,0.006183334,0.227279744,0.131306101,0.011740647,0.000472618,0.006232243,0.009512376,0.000709378,0.008518317,0.131984848,0.105282241,8.93E-05,0.011017515,0.011061135,0.06951197,0.036147157,0.155901908,0.043041069,0.001222651
142,0.058025639,0.000130575,0.002981746,0.012898045,0.033405962,0.114954401,0.016997973,0.124889355,0.058762496,0.004503796,0.026287581,0.22838217,0.000143679,0.069963967,0.031932125,0.071849926,0.02073834,0.017971494,0.007540276,0.097640456
143,0.158032971,0.001187236,0.082755633,0.011321216,0.000617751,0.038745045,0.06604479,0.000401505,0.02004516,0.000792651,0.07392141,0.05340789,0.000597346,0.174749843,0.003279519,0.264834388,0.011379617,0.011625262,0.004315179,0.021945586
144,0.012731709,9.85E-05,0.156264191,0.053286396,0.014628549,0.169489103,0.117802476,0.073790788,0.013510734,0.02364157,0.013090455,0.133289593,0.001174122,0.114039278,0.001842658,0.033198751,0.025946727,0.03352207,0.001149529,0.007502821
145,0.377979586,0.000444852,0.045772429,0.00973256,0.002889668,0.00258203,0.124942913,0.015756538,0.004488454,0.032826137,0.143963718,0.002706267,0.150341894,0.054947612,0.005155998,0.011786786,0.008345939,0.001783308,0.00186776,0.001685549
146,0.101603019,0.000522235,0.100593333,0.159625909,0.003252818,0.143244794,0.06661304,0.001212872,0.009575304,0.01213542,0.039725507,0.022538673,0.001432742,0.093208975,0.002408803,0.10416092,0.124075293,0.000714573,0.009591093,0.003764677
147,0.000361522,0.005387029,0.00922565,0.001543786,0.726047967,0.004533859,0.010226717,0.000742861,0.001390053,0.001416204,0.192178374,0.001373513,0.000391948,0.000839404,0.000816209,0.00160107,0.000352602,0.024800075,0.010651862,0.006119293
148,0.000297344,0.004573104,0.009565138,0.000552168,0.003496386,0.000468499,0.023023327,0.000271387,0.000395915,0.000497616,0.002510046,0.00073274,0.000766057,0.000821511,0.000339655,0.000251091,0.000437809,0.000266297,0.002961319,0.947772592
149,0.002426026,0.000990588,0.001558549,0.001020531,0.000460631,0.009711797,0.190376751,0.000613677,0.109796505,0.000558694,0.004291886,0.379414906,7.26E-05,0.000451168,0.25282596,0.039927698,0.003558134,0.000149067,0.001212421,0.000582403
150,0.000968566,0.001346957,0.024984374,0.00153617,0.000986398,0.000279913,0.001569386,0.015418991,0.035265078,0.000109523,0.002762672,0.881541162,0.000121947,0.000910735,0.000312603,0.00561189,0.020863694,0.000519143,0.002290438,0.002600359
151,0.000186807,0.001325401,0.001437343,0.000957681,0.011795531,0.000214311,0.002663924,0.254235889,0.001703487,0.545448251,0.033662987,0.001610093,0.000298729,0.001995369,0.00013004,0.001249985,0.000420268,0.127287272,0.012549224,0.000827409
152,0.010353036,0.002689801,0.006055144,0.005430125,0.00764647,0.034690831,0.070248066,0.016102329,0.001670054,0.719981741,0.016887982,0.031830016,0.001127539,0.011934577,0.002648676,0.012457176,0.001848212,0.021461565,0.007020301,0.017916359
153,0.002021756,0.007022699,0.000936811,0.003366928,0.002616261,0.000526998,0.00708226,0.000324799,0.000694038,0.002170096,0.001868655,0.000684236,0.001344726,0.001151849,0.008504201,0.001189129,0.000327705,0.000862384,0.95689006,0.000414409
